stalled arc turn offset fixture
radius: 40
distance: 39.99999
classifier threshold: 0.0001

subdivisions: 1
  source segments: 3
  caught stalled segments: 1
  result: Ok; output segments: 8; path: M 0.00001 40 V 0 C 0.00001 -0.05846 0.0023 -0.02821 -0.0006 -0.04238 C -0.00363 -0.05721 0.02261 0.02688 0.01643 0.01227 C 0.00264 -0.02033 0.02547 0.02546 0.00001 -0.00001 C -0.02546 -0.02547 0.02033 -0.00264 -0.01227 -0.01643 C -0.02688 -0.02261 0.05721 0.00363 0.04238 0.0006 C 0.02821 -0.0023 0.05846 -0.00001 0 -0.00001 H -40
subdivisions: 4
  source segments: 6
  caught stalled segments: 4
  result: Ok; output segments: 6; path: M 0.00001 40 V 0 C 0.00001 -0.00005 0.00003 0.00004 0.00001 0 C -0.00001 -0.00005 0.00004 0.00003 0.00001 -0.00001 C -0.00003 -0.00004 0.00005 0.00001 0 -0.00001 C -0.00004 -0.00003 0.00005 -0.00001 0 -0.00001 H -40
subdivisions: 30
  source segments: 32
  caught stalled segments: 30
  result: Ok; output segments: 32; path: M 0.00001 40 V 0 C 0.00001 0 0.00001 0 0.00001 0 C 0.00001 0 0.00001 0 0.00001 0 C 0.00001 0 0.00001 0 0.00001 0 C 0.00001 0 0.00001 0 0.00001 0 C 0.00001 0 0.00001 0 0.00001 0 C 0.00001 0 0.00001 0 0.00001 0 C 0.00001 0 0.00001 0 0.00001 0 C 0.00001 0 0.00001 0 0.00001 0 C 0.00001 0 0.00001 0 0.00001 0 C 0.00001 0 0.00001 0 0.00001 0 C 0.00001 -0.00001 0.00001 -0.00001 0.00001 -0.00001 C 0.00001 -0.00001 0.00001 -0.00001 0.00001 -0.00001 C 0.00001 -0.00001 0.00001 -0.00001 0.00001 -0.00001 C 0.00001 -0.00001 0.00001 -0.00001 0.00001 -0.00001 C 0.00001 -0.00001 0.00001 -0.00001 0.00001 -0.00001 C 0.00001 -0.00001 0.00001 -0.00001 0.00001 -0.00001 C 0.00001 -0.00001 0.00001 -0.00001 0.00001 -0.00001 C 0.00001 -0.00001 0.00001 -0.00001 0.00001 -0.00001 C 0.00001 -0.00001 0.00001 -0.00001 0.00001 -0.00001 C 0.00001 -0.00001 0.00001 -0.00001 0 -0.00001 C 0 -0.00001 0 -0.00001 0 -0.00001 C 0 -0.00001 0 -0.00001 0 -0.00001 C 0 -0.00001 0 -0.00001 0 -0.00001 C 0 -0.00001 0 -0.00001 0 -0.00001 C 0 -0.00001 0 -0.00001 0 -0.00001 C 0 -0.00001 0 -0.00001 0 -0.00001 C 0 -0.00001 0 -0.00001 0 -0.00001 C 0 -0.00001 0 -0.00001 0 -0.00001 C 0 -0.00001 0 -0.00001 0 -0.00001 C 0 -0.00001 0 -0.00001 0 -0.00001 H -40